-0.99806041
-0.97999844
-0.98097952
-0.99331173
-0.9832317
-1.0053454
-0.99545949
-0.97740664
-1.0150108
-0.99194389
-0.98939969
-1.00145
-0.983485
-0.96874635
-1.002559
-0.98512291
-1.0040608
-0.98294566
-1.0405981
-1.0006305
-0.98229972
-0.98842787
-1.0010166
-0.98755845
-0.97744423
-1.0006305
-1.0003279
-0.98042921
-0.99274431
-0.99403303
-1.0108096
-0.99910977
-1.0045809
-0.99377708
-0.98894788
-1.003691
-0.98130389
-0.98499668
-0.97882002
-0.99812129
-0.97938518
-0.9909956
-1.0053652
-0.98990273
-1.0048647
-0.99212013
-1.0020328
-0.9947534
-1.0240454
-1.0133027
-0.98581621
-0.99539009
-0.99606175
-1.0039193
-1.0044782
-0.98839564
-1.0094321
-0.98197941
-1.0035514
-0.99775428
-0.98039065
-0.98044773
-1.0090744
-0.9943694
-0.99264117
-0.99579823
-1.0088235
-0.98969995
-0.99682493
-0.99959279
-0.99301853
-0.98333943
-1.0025315
-0.99007733
-0.99887004
-0.98126558
-1.0042941
-1.0042847
-1.0269599
-0.97734598
-1.0105121
-0.99648102
-0.96934117
-0.97551171
-1.0041015
-1.0265369
-0.99440214
-1.0069393
-0.98072948
-1.0011117
-1.0266048
-0.97666737
-1.0027232
-0.96289289
-1.0002851
-0.97160937
-0.98186681
-0.99752707
-1.005687
-0.98493828
-0.97945008
-0.97677136
-1.0060971
-1.0135387
-0.97349682
-0.96842446
-0.98541875
-0.98907029
-0.9950408
-1.0123029
-0.98939929
-1.00234
-0.9832045
-0.99372629
-0.98849654
-0.98734667
-0.99458284
-0.9904918
-0.98342021
-1.009418
-0.99555744
-0.99618059
-0.98618524
-0.99025494
-1.0316388
-0.98104074
-1.0090744
-0.98831625
-1.0013466
-1.0088235
-0.98754403
-0.98094089
-1.017255
-0.98857833
-0.99046613
-0.9832182
-1.0017423
-0.98623159
-1.0108988
-1.0057971
-1.012022
-0.98594153
-0.99485374
-0.98428052
-0.98544441
-1.0027865
-0.98667406
-1.0036213
