-0.96357448
-1.014648
-1.0529519
-0.93528353
-0.99296237
-0.98194464
-0.86821959
-0.89795413
-1.0616332
-1.1039822
-0.87535434
-1.0726446
-1.108995
-0.93836676
-0.97528218
-1.0394576
-1.0938159
-1.0137333
-1.1126904
-0.95749961
-0.93109877
-0.93647543
-0.98883852
-0.99836846
-0.91685519
-1.048755
-1.0531886
-0.92291849
-1.0492083
-0.92682233
-1.0844948
-0.80844976
-0.7427792
-1.0371209
-0.99539154
-1.0154587
-0.95107429
-0.9423718
-0.97654982
-0.89649876
-1.1464813
-0.958479
-1.050368
-0.9951454
-0.87913585
-0.99539105
-1.0375841
-0.95820372
-0.64031617
-0.8694393
-1.0011939
-0.97753572
-0.82800715
-0.86756157
-0.9350062
-0.96922818
-0.99509547
-1.0456235
-1.0948414
-0.79649274
-0.66994681
-1.0253909
-0.95094013
-0.95571941
-1.0548856
-0.9921884
-1.0741512
-1.1224422
-1.0364078
-0.92781759
-1.0133616
-1.0001979
-0.90715154
-1.0491555
-1.0904692
-1.0792062
-0.93120003
-0.64886389
-0.9727195
-0.96678523
-1.0780335
-0.9747635
-1.0483157
-0.99576751
-1.0421778
-1.0510113
-1.0232134
-1.0002628
-0.84502552
-1.0377035
-0.98566225
-1.0279716
-1.0591962
-0.98702765
-0.88277903
-1.0433598
-0.87887771
-0.9893301
-0.9639083
-1.0652823
-0.94674668
-0.94906104
-1.0724184
-1.0993439
-0.97346637
-0.85200782
-0.84395768
-1.0490621
-0.87998549
-1.0381665
-1.0439853
-1.0339334
-1.0874716
-1.0466556
-0.90994852
-1.0806296
-1.0560738
-1.0773785
-0.91395987
-0.89283674
-0.99409278
-0.9232629
-1.0644327
-1.0535461
-0.97219707
-1.0072118
-0.91996447
-1.0240474
-1.1933393
-1.0909802
-1.0700545
-1.0801666
-1.0193772
-0.96697755
-0.98551118
-0.97528218
-1.068468
-1.0436075
-1.0276298
-1.0290727
-0.94885516
-0.93524059
-1.0429662
-1.0091647
-1.0081116
-0.91236874
-1.0939626
-0.87535475
-1.0032062
-0.95508638
-1.0893725
-0.79553888
-1.0947064
-1.0193208
-0.93489617
-0.91391062
-1.0326472
-1.0092494
-0.88568156
-0.92803195
-1.0056725
-1.024887
-1.0200533
-1.0826148
-0.9295862
-1.0496731
-1.0796422
-0.92751956
-1.0154841
-0.83625996
-1.0247127
-0.92387048
-1.007531
-1.0338022
-1.1085371
-1.0497061
-1.0104029
-1.065576
-0.8161273
-0.86103466
-0.85373257
-0.8372449
-0.7186115
-0.86875032
-0.78008238
-0.82235579
-0.79998682
-0.93203027
-0.97374663
-0.99414273
-0.93864773
-0.88823338
-0.80622153
-0.92668094
-0.93756128
-0.96364913
-0.92402208
-0.95697449
-1.0276388
-0.81148597
-0.90994852
-0.9036205
-0.93112508
-0.74278691
-0.99260904
-0.85752593
-1.0389945
-1.0072761
-0.94326159
-0.91973593
-0.99475392
-0.72439365
-0.93544456
-0.7934375
-0.75872748
-0.77537998
-0.78285962
-0.9151231
-0.93111425
-1.0245078
-0.8685478
-0.68470904
-0.82776539
-0.86034783
-0.88478692
-0.85860305
-0.87170429
-0.79113203
-0.86158301
-0.86995307
-0.84947388
-0.8863899
-0.79476456
-0.63065981
-0.81178995
-0.85200782
-1.029476
-0.76244474
-0.94685959
-0.88579652
-0.90944782
-0.72001948
-0.99105362
-0.86464124
-0.97154457
-0.73518399
-0.81849101
-0.93121166
-0.81521841
-0.81613072
-0.73618433
-0.90343035
-0.98034232
-0.85163169
-0.87183644
