-1.0005714
-1.0007346
-0.99951697
-1.0010607
-1.0005068
-1.0003644
-1.0002796
-0.99965728
-0.99930347
-1.000238
-0.9997186
-1.001071
-1.0013032
-1.0012829
-1.0004238
-1.0016018
-1.0016061
-0.9996868
-1.0002823
-0.99973783
-1.0013002
-1.0018713
-0.99941182
-0.99985132
-1.0017923
-1.0009583
-1.0007726
-1.001339
-1.0015636
-1.0004616
-1.0010049
-0.99969001
-0.99969807
-0.99955716
-1.000289
-0.99794395
-1.0000091
-1.0003359
-0.9993256
-0.99921786
-0.9997065
-1.0003365
-0.99950022
-0.99999472
-0.99921363
-1.0005818
-1.000959
-1.0001196
-0.9999427
-1.0013723
-0.998137
-1.0013768
-0.99945827
-0.9996922
-0.99968439
-0.99917478
-1.0004335
-1.000905
-0.99959828
-1.0008622
-0.99834978
-1.0004761
-0.99962651
-1.0005185
-1.0008236
-0.99778004
-1.0008462
-0.99879881
-0.99987696
-0.9996823
-1.0000316
-1.0007339
-1.0005471
-1.0001085
-1.0003901
-0.99971831
-1.0002081
-0.99981044
-0.99839305
-1.0006678
-1.0003164
-0.99997655
-0.9998655
-1.0008739
-1.0003679
-1.0005113
-1.0007625
-0.99878086
-1.0010204
-1.0001142
-1.0009169
-0.99892646
-1.0006235
-1.0009946
-0.99995286
-1.0010496
-0.99577731
-0.99993205
-0.99961527
-1.0010322
-1.0009316
-0.99925202
-1.0000569
-1.000406
-0.99814062
-0.99820671
-0.99978791
-0.99921363
-0.99685481
-1.0006395
-1.0002099
-0.99879608
-0.99983308
-0.99800205
-0.99925689
-0.99899772
-1.0006773
-0.99802605
-1.0015
-0.99930316
-1.0006971
-1.0006322
-1.0014653
-0.99896425
-0.99952491
-1.0009999
-0.99985016
-0.99968742
-1.0014328
-1.0009451
-1.0007522
-0.99935078
-1.0012206
-1.0007958
-0.99999807
-0.99887358
-1.0002783
-1.0003218
-1.0000543
-1.0011097
