-1.0381989
-0.77526972
-1.0422552
-0.91618254
-0.96051825
-1.0493764
-0.99333444
-0.99675368
-1.0152203
-1.0158881
-0.95815516
-0.96711288
-0.97119387
-1.0133863
-0.99993817
-1.0272631
-0.94268314
-0.97303372
-0.9530688
-0.95526099
-0.93262247
-0.99863987
-0.77814389
-0.93200606
-1.1148975
-1.0130738
-0.76545507
-0.75968921
-0.94373013
-0.9002457
-1.0344066
-0.92505169
-0.81615526
-0.98760058
-0.92432299
-0.9675738
-1.0115688
-1.0521447
-0.93843345
-0.95588467
-0.76935095
-0.96901495
-1.0104759
-1.002318
-1.0024374
-0.96050624
-1.1034127
-0.9009474
-0.91784077
-1.0727081
-1.0646717
-0.8086447
-0.95127879
-0.69340086
-0.93555987
-0.92702584
-0.64443044
-0.9212128
-0.92661289
-0.93083395
-0.88263974
-1.1058378
-1.0285365
-0.93899169
-0.97827685
-0.91521143
-1.0383614
-1.0332812
-0.97523929
-0.7834797
-0.94666271
-0.96081067
-0.98047242
-1.0582174
-0.92099781
-1.0448128
-0.93799969
-0.86768194
-1.0112213
-1.0783584
-0.9675738
-1.0445976
-0.73384433
-0.87120765
-0.79305356
-0.94017054
-0.89472786
-0.82009895
-1.0435765
-0.83444759
-0.94381244
-0.93352584
-0.90469525
-0.98507511
-1.0040094
-0.76708533
-1.083466
-0.92779375
-0.95048849
-0.94333685
-1.0272631
-1.0035894
-0.94470062
-0.84148776
-0.93775616
-0.99519161
-1.0478148
-1.0112148
-0.99049142
-0.92433631
-0.92012816
-0.87610159
-0.69019923
-0.70682681
-0.87493725
-0.88333783
-0.95699984
-0.87792378
-0.93795066
-0.96968514
-0.83727375
-1.041984
-0.96448973
-0.9466312
-0.85863772
-0.96575888
-1.0389719
-0.93076819
-0.78631211
-0.78095749
-0.92891312
-0.90582425
-0.80490804
-0.94990734
-0.86185748
-0.94898265
-0.90613185
-0.85979021
-0.91076681
-0.91089552
-0.92813775
-1.0646717
-0.8390575
-0.85690162
-0.93267834
-0.64443044
-0.82733892
-0.982742
-0.70384606
-0.74214369
-0.85654717
-1.0524506
-0.9353862
-0.80714644
-0.95774505
-0.91658567
-0.87570035
-0.88058285
-0.70744878
-0.91081562
-0.93368697
-0.93579437
-0.93785865
-0.83160655
-0.98776527
-0.92477301
-0.70508786
-0.5461826
-0.91419381
-1.0302136
-0.94451199
-1.0101653
-1.0932951
-0.93799969
-0.83415637
-0.78584291
-0.84118426
-0.88724801
-1.0346834
-1.0075702
-1.0109443
-1.0381989
-1.0655697
-1.0579588
-1.0079528
-0.99164211
-0.94105478
-0.92440767
-0.92744472
-1.0152203
-0.96657914
-0.91623094
-1.0131742
-0.96183353
-0.96842742
-0.95456124
-0.93569356
-0.91422313
-0.92036691
-0.97393634
-0.87493725
-1.0174364
-0.95984489
-1.0826522
-0.97983962
-0.94176705
-0.7990101
-0.92866794
-0.83212687
-1.0278254
-1.0129281
-1.0310134
-0.93770207
-1.0344066
-1.0620828
-1.1250371
-1.000277
-0.96183528
-1.016425
-0.94475501
-1.0312587
-1.1720266
-1.0453035
-0.94737661
-0.98856651
-1.0353543
-0.93534089
-1.0062757
-0.89167217
-0.94872943
-0.93001001
-0.95040037
-0.96647659
-1.0713849
-1.0968339
-0.99519161
-1.0031711
-1.0332812
-0.94943977
-0.99577931
-0.94416759
-1.050033
-0.7834797
-1.0963876
-0.89499723
-1.1098856
-0.97994503
-0.87562448
-1.0453419
-1.0783584
-1.0074702
-0.95067171
-1.003032
-1.0109025
-1.1141598
